1332
1605
1801
1802
1803
1925
1963
2502
2503
2768
2801
2802
2914
3092
3382
3402
3407
3436
3659
3861
4004
4061
4062
4063
4188
4204
4452
4502
4503
4507
4519
4523
4568
4684
4751
4901
4902
5019
5020
5101
5108
5201
5332
5401
5406
5411
5631
5711
5713
5801
5802
5803
6098
6301
6302
6326
6361
6367
6471
6501
6503
6594
6701
6723
6752
6758
6762
6841
6857
6902
6920
6954
6971
6981
7011
7012
7013
7201
7202
7203
7261
7267
7270
7741
7751
7974
8001
8002
8031
8035
8058
8306
8316
8411
8591
8630
8766
8801
9020
9432
9433
9983
9984